0.0000000
0.0000002
0.0000009
0.0000010
0.0000012
0.0000017
0.0000008
0.0000019
0.0000013
0.0000028
0.0000019
0.0000038
0.0000025
0.0000051
0.0000037
0.0000069
0.0000051
0.0000095
0.0000079
0.0000134
0.0000118
0.0000188
0.0000181
0.0000272
0.0000266
0.0000384
0.0000398
0.0000551
0.0000584
0.0000773
0.0000836
0.0001076
0.0001163
0.0001462
0.0001584
0.0001961
0.0002125
0.0002612
0.0002837
0.0003365
0.0003704
0.0004361
0.0004745
0.0005524
0.0006049
0.0000223
0.0000236
0.0000289
0.0000304
0.0000377
0.0000405
0.0000492
0.0000523
0.0000631
0.0000685
0.0000817
0.0000892
0.0001054
0.0001163
0.0001334
0.0001456
0.0001675
0.0001804
0.0002079
0.0002255
0.0002577
0.0002820
0.0003218
0.0003518
0.0003994
0.0004238
0.0004831
0.0005552
0.0006228
0.0006545
0.0007321
0.0008423
0.0009267
0.0010065
0.0011059
0.0012080
0.0012989
0.0014134
0.0015308
0.0016550
0.0017794
0.0019228
0.0020741
0.0022182
0.0023884
0.0025597
0.0027481
0.0029196
0.0031421
0.0033599
0.0035493
0.0038041
0.0040541
0.0041767
0.0044784
0.0049429
