0.0000000
0.0000000
0.0000000
0.0000000
0.0000000
0.0000001
0.0000002
0.0000004
0.0000007
0.0000009
0.0000019
0.0000028
0.0000055
0.0000067
0.0000117
0.0000142
0.0000213
0.0000239
0.0000332
0.0000371
0.0000504
0.0000552
0.0000703
0.0000769
0.0000956
0.0001049
0.0001248
0.0001355
0.0001586
0.0001705
0.0001979
0.0002096
0.0002391
0.0002562
0.0002850
0.0003037
0.0003390
0.0003594
0.0003965
0.0004175
0.0004574
0.0004824
0.0005227
0.0005479
0.0005950
0.0006275
0.0006749
0.0007121
0.0007612
0.0007962
0.0008495
0.0008930
0.0009510
0.0010041
0.0010655
0.0011216
0.0011826
0.0012378
0.1171050
0.0971070
0.0805538
0.0637824
0.0500962
0.0367940
0.0263138
0.0167414
0.0098323
0.0043136
0.0011747
0.0000000
0.0010174
0.0044582
0.0099573
0.0183766
0.0286669
0.0423087
0.0573193
0.0764083
0.0971586
0.1221115
0.1487503
0.1802127
0.2108623
0.2481169
0.2875795
0.1489393
0.1303339
0.1122093
0.0954611
0.0805168
0.0659370
0.0530383
0.0412317
0.0315500
0.0224914
0.0148546
0.0091652
0.0045440
0.0015155
0.0001450
0.0002849
