0.0000000
0.0000168
0.0000704
0.0000624
0.0000694
0.0001135
0.0001606
0.0002773
0.0003442
0.0005242
0.0006146
0.0008527
0.0010609
0.0014268
0.0017280
0.0000092
0.0000128
0.0000124
0.0000177
0.0000170
0.0000231
0.0000218
0.0000283
0.0000272
0.0000332
0.0000322
0.0000394
0.0000387
0.0000429
0.0000412
0.0000477
0.0000451
0.0000512
0.0000485
0.0000535
0.0000496
0.0000555
0.0000523
0.0000576
0.0000535
0.0000572
0.0000531
0.0000555
0.0000515
0.0000543
0.0001365
0.0001443
0.0001424
0.0001476
0.0001456
0.0001496
0.0001463
0.0001523
0.0001476
0.0001509
0.0001463
0.0028476
0.0024369
0.0021058
0.0017435
0.0014629
0.0011509
0.0009120
0.0006625
0.0004809
0.0003041
0.0001806
0.0000797
0.0000227
0.0000000
0.0000190
0.0000777
0.0001852
0.0003325
0.0005265
0.0007602
0.0010632
0.0013261
0.0017963
0.0022385
0.0027458
0.0063748
0.0052195
0.0040977
0.0031329
0.0023047
0.0015667
0.0009827
0.0004881
0.0002175
0.0000409
0.0000044
0.0001130
0.0003216
0.0007586
0.0013356
0.0020505
0.0029662
0.0040016
0.0052304
