0.0000000
0.0000031
0.0000178
0.0000189
0.0000200
0.0000328
0.0000526
0.0000848
0.0001055
0.0001557
0.0001908
0.0002666
0.0003294
0.0004351
0.0005354
0.0006781
0.0008121
0.0009980
0.0011806
0.0014306
0.0016694
0.0019802
0.0022708
0.0026464
0.0030018
0.0034522
0.0038953
0.0044476
0.0049675
0.0056176
0.0062305
0.0069759
0.0077115
0.0085660
0.0094250
0.0104034
0.0113764
0.0125052
0.0135872
0.0148652
0.0161028
0.0175426
0.0189216
0.0205304
0.0220994
0.0048005
0.0044544
0.0039854
0.0036568
0.0032331
0.0029118
0.0025266
0.0022356
0.0018907
0.0016249
0.0013148
0.0010927
0.0008413
0.0006545
0.0004578
0.0003144
0.0001798
0.0000944
0.0000273
0.0000018
0.0000108
0.0000542
0.0001469
0.0000754
0.0000882
0.0000955
0.0001111
0.0001122
0.0001315
0.0001585
0.0001849
0.0001834
0.0002174
0.0002811
0.0003218
0.0003189
0.0003612
0.0004038
0.0004038
0.0413905
0.0337990
0.0263389
0.0197044
0.0140599
0.0096875
0.0058067
0.0028870
0.0009773
0.0001129
0.0001417
0.0012369
0.0033293
0.0063978
0.0105974
0.0155301
